#move is 0-8 and in the other file it is 1-9.

  human    computer   move
000000001 000000000    4
000000010 000000000    0
000000011 000010000    2
000000100 000000000    4
000000101 000010000    1
000000110 000000001    3
000000110 000010000    0
000001000 000000000    0
000001001 000010000    6
000001010 000000001    4
000001011 000010100    6
000001011 001010000    2
000001100 000000001    4
000001100 000010000    0
000001101 000010010    7
000001101 001010000    1
000001110 000010001    8
000010000 000000000    0
000010010 000000001    7
000010100 000000001    6
000010110 000001001    6
000010110 001000001    3
000010110 010000001    6
000011000 000000001    5
000011010 000100001    7
000011010 010000001    5
000011100 000100001    6
000011100 001000001    5
000011110 001100001    7
000011110 010100001    6
000011110 011000001    8
000100000 000000000    2
000100001 000000100    3
000100001 000010000    1
000100010 000000001    6
000100010 000000100    3
000100011 000001100    4
000100011 000010100    6
000100100 000010000    8
000100101 000010010    7
000100101 100010000    1
000100110 000001001    6
000100110 000010001    8
000100110 001000001    3
000100110 100010000    0
000101000 000000001    4
000101000 000000100    4
000101001 000010010    6
000101001 000010100    6
000101001 001010000    1
000101010 000010001    2
000101010 000010100    0
000101010 001000001    4
000101011 001010100    7
000101100 000010001    8
000101100 100010000    0
000101101 001010010    7
000101101 010010010    6
000101101 100010010    7
000101110 001010001    8
000101110 100010001    6
000110000 000000001    3
000110000 000000100    3
000110001 000001100    8
000110010 000001001    6
000110010 000001100    7
000110010 001000001    3
000110010 010000001    3
000110011 010001100    8
000110011 100001100    7
000110100 000001001    6
000110100 001000001    3
000110110 001001001    7
000110110 010001001    6
000110110 011000001    3
001000000 000000000    4
001000001 000010000    3
001000010 000000001    4
001000010 000010000    0
001000011 000010100    3
001000011 000011000    5
001000100 000010000    1
001000101 000010010    3
001000101 000011000    1
001000110 000001001    4
001000110 000010001    3
001000111 000111000    7
001001000 000000001    1
001001000 000010000    0
001001010 000010001    8
001001100 000000011    4
001001100 000010001    1
001001100 000010010    0
001001101 010010010    5
001001110 100010001    5
001010000 000000001    2
001010010 000000101    7
001010010 010000001    2
001011000 000000011    2
001011000 000000101    1
001011000 000100001    2
001011010 000100101    8
001011010 010000101    5
001011010 010100001    2
001100000 000000100    0
001100000 000010000    1
001100001 000001100    4
001100001 000010010    7
001100001 000011000    1
001100010 000000101    4
001100010 000001100    4
001100010 000010001    8
001100011 000011100    7
001100100 000010010    7
001100100 100010000    0
001100101 000011010    7
001100101 010010010    3
001100101 100010010    7
001100110 000011001    8
001100110 100010001    3
001101000 000000011    2
001101000 000000101    1
001101000 000010001    1
001101000 000010010    0
001101000 000010100    0
001101001 010010010    2
001101010 000010101    8
001101010 100010001    2
001101100 000010011    7
001101100 010010010    0
001101100 100010001    1
001110000 000000101    1
001110000 000001001    2
001110000 000001100    0
001110001 100001100    1
001110010 000001101    7
001110010 010000101    3
001110010 010001001    2
001110010 010001100    0
001111000 000000111    7
010000000 000000000    1
010000001 000000010    6
010000001 000010000    3
010000010 000000001    4
010000011 000010100    3
010000011 000011000    2
010000100 000000010    6
010000100 000010000    3
010000101 000010010    3
010000101 000011000    5
010000101 001000010    4
010000110 000001001    4
010000110 000010001    3
010000110 000011000    0
010000111 000111000    6
010001000 000000001    2
010001000 000000010    6
010001001 001000010    4
010001001 001010000    2
010001010 000000101    4
010001010 000010001    2
010001011 001010100    5
010001100 000010001    8
010001100 001000010    4
010001101 001010010    5
010001110 100010001    5
010010000 000000001    1
010010000 000000010    0
010010001 001000010    8
010010100 000000011    6
010010100 001000001    3
010010100 001000010    0
010010101 101000010    3
010010110 001001001    5
010011000 000000011    2
010011000 000000101    1
010011000 000100001    1
010011000 001000010    5
010011001 001100010    8
010011001 101000010    5
010011100 000100011    6
010011100 001000011    5
010011100 001100001    1
010011100 001100010    0
010100000 000000010    6
010100000 000000100    0
010100001 000001100    4
010100001 000010010    6
010100001 000011000    2
010100001 001000010    4
010100010 000000101    4
010100010 000001100    4
010100010 000010001    2
010100010 001000001    3
010100011 000011100    6
010100011 001010100    3
010100100 000011000    8
010100100 001000010    8
010100100 100010000    0
010100101 000011010    8
010100101 001010010    8
010100101 100010010    3
010100101 100011000    1
010100101 101000010    3
010100110 000011001    6
010100110 001001001    4
010100110 100010001    3
010100110 100011000    0
010101000 000000101    1
010101000 000010001    1
010101000 000010100    0
010101000 001000010    4
010101001 001010010    2
010101001 001010100    1
010101010 000010101    6
010101010 001010001    2
010101100 000010011    8
010101100 001010010    8
010101100 100010001    1
010101100 101000010    4
010110000 000000011    2
010110000 000000101    1
010110000 000001001    1
010110000 000001100    1
010110000 001000010    3
010110001 000001110    8
010110001 001001010    8
010110001 100001100    1
010110001 101000010    3
010110010 001001001    2
010110100 000001011    6
010110100 001000011    3
010110100 001001001    1
010110100 001001010    0
010110100 101000010    3
010111000 000000111    6
011000000 000000010    8
011000000 000010000    8
011000001 000011000    5
011000001 100000010    3
011000001 100010000    3
011000010 000010001    8
011000010 100010000    0
011000011 000011100    5
011000011 000111000    2
011000011 100011000    5
011000100 000010010    8
011000100 000011000    5
011000100 100000010    4
011000100 100010000    0
011000101 000011010    5
011000101 000111000    1
011000101 100001010    4
011000101 100010010    3
011000101 100011000    5
011000110 000011001    5
011000110 000111000    0
011000110 100010001    3
011001000 000000011    2
011001000 000000101    1
011001000 000010001    8
011001000 100000010    0
011001000 100010000    0
011001010 000010101    8
011001010 100010001    2
011001100 000010011    8
011001100 100000011    4
011001100 100010001    1
011001100 100010010    0
011010000 000000011    2
011010000 000000101    1
011010000 100000010    2
011010001 100000110    5
011010001 100001010    2
011011000 000000111    5
011011000 000100011    2
011011000 000100101    1
011011000 100000011    2
011011000 100000110    0
011100000 000000101    1
011100000 000010010    8
011100000 100000010    0
011100000 100010000    0
011100001 000011010    8
011100001 000011100    8
011100001 100001010    2
011100001 100010010    3
011100001 100011000    1
011100010 000010101    8
011100010 000011100    8
011100010 100010001    2
011100100 100000011    4
011100100 100010001    1
011100100 100010010    0
011100100 100011000    0
011101000 000000111    4
011101000 000010011    2
011101000 000010101    1
011101000 100000011    2
011101000 100010001    1
011101000 100010010    0
011110000 000000111    3
011110000 000001011    2
011110000 000001101    1
011110000 000001110    0
011110000 100000011    2
011110000 100000110    0
100000000 000000000    4
100000001 000010000    1
100000010 000000001    4
100000010 000010000    0
100000011 000010100    3
100000100 000010000    5
100000101 000010010    5
100000101 000110000    1
100000110 000001001    5
100000110 000010001    5
100000110 000110000    3
100000111 000111000    6
100001000 000000001    2
100001000 000010000    0
100001001 000010010    6
100001001 001010000    1
100001010 000000101    4
100001010 000010001    2
100001011 001010100    5
100001100 000010001    5
100001100 000110000    0
100001101 000110010    7
100001101 001010010    7
100001101 010010010    5
100001110 000110001    6
100010000 000000001    2
100010010 000000101    7
100010010 010000001    2
100010100 001000001    3
100010110 000101001    6
100010110 001001001    5
100010110 011000001    3
100011000 000000101    1
100011000 000100001    1
100011010 010000101    5
100011010 010100001    2
100011100 000100011    6
100011100 001100001    1
100100000 000000100    0
100100000 000010000    2
100100001 000001100    4
100100001 000010010    2
100100001 000010100    1
100100010 000000101    6
100100010 000001100    6
100100010 000010001    2
100100010 000010100    6
100100010 001000001    2
100100011 000011100    6
100100011 001001100    4
100100011 001010100    3
100100101 010010010    3
100100110 001001001    4
100101000 000000101    1
100101000 000010001    2
100101000 000010100    0
100101001 000010110    6
100101001 001010010    2
100101001 001010100    1
100101010 000010101    6
100101010 001000101    4
100101010 001010001    2
100101010 001010100    0
100110000 000000101    1
100110000 000001001    2
100110000 000001100    0
100110010 000001101    6
100110010 001000101    3
100110010 001001001    2
100110010 001001100    0
100110010 010000101    3
100110010 010001001    6
100110010 010001100    0
100110100 001001001    1
100111000 000000111    6
101000000 000010000    7
101000001 000010010    7
101000001 000011000    5
101000001 010010000    1
101000010 000010001    7
101000010 010010000    0
101000011 000011100    5
101000011 000111000    2
101000100 000010010    7
101000100 000110000    3
101000100 010010000    1
101000101 000011010    5
101000101 000110010    3
101000101 000111000    1
101000101 010010010    3
101000110 000011001    5
101000110 000101001    4
101000110 000110001    3
101000110 000111000    0
101000110 010010001    5
101001000 000000011    2
101001000 000000101    1
101001000 000010001    7
101001000 010010000    1
101001001 010010010    2
101001010 000010101    7
101001010 010010001    2
101001100 000010011    7
101001100 000110001    7
101001100 010010001    1
101001100 010010010    0
101010000 000000101    1
101010010 010000101    3
101011000 000000111    5
101011000 000100011    2
101011000 000100101    1
101100000 000000101    1
101100000 000010010    7
101100000 000010100    7
101100000 010010000    1
101100001 000010110    7
101100001 000011010    7
101100001 000011100    7
101100001 010010010    2
101100001 010010100    1
101100010 000010101    7
101100010 000011100    7
101100010 010010001    2
101100010 010010100    0
101100100 010010010    0
101101000 000000111    4
101101000 000010011    2
101101000 000010101    1
101101000 010010001    1
101101000 010010010    0
101101000 010010100    1
101110000 000000111    3
101110000 000001101    1
110000000 000000010    6
110000000 000010000    6
110000001 000010010    6
110000001 000011000    5
110000001 001000010    4
110000001 001010000    2
110000010 000010001    6
110000010 001010000    0
110000011 000011100    5
110000011 000111000    2
110000011 001010100    3
110000100 000011000    5
110000100 000110000    3
110000100 001000010    5
110000100 001010000    5
110000101 000011010    5
110000101 000110010    3
110000101 000111000    1
110000101 001010010    5
110000101 001100010    4
110000101 001110000    3
110000110 000011001    5
110000110 000101001    4
110000110 000110001    3
110000110 000111000    0
110000110 001010001    3
110000110 001110000    3
110001000 000000101    1
110001000 000010001    6
110001000 001000010    2
110001000 001010000    2
110001001 001000110    4
110001001 001010010    2
110001001 001010100    1
110001010 000010101    6
110001010 001010001    2
110001010 001010100    0
110001100 000110001    6
110001100 001010001    5
110001100 001010010    5
110001100 001100010    0
110001100 001110000    0
110010000 000000011    2
110010000 000000101    1
110010000 001000010    0
110010100 001000011    3
110010100 001001001    1
110010100 001100010    0
110011000 000000111    5
110011000 000100011    2
110011000 001000011    2
110011000 001000110    0
110011000 001100010    0
110100000 000000101    1
110100000 000010100    6
110100000 001000010    2
110100000 001010000    2
110100001 000010110    6
110100001 000011100    6
110100001 001000110    4
110100001 001010010    2
110100001 001010100    1
110100010 000010101    6
110100010 000011100    6
110100010 001000101    3
110100010 001001001    2
110100010 001001100    0
110100010 001010001    2
110100010 001010100    0
110101000 000000111    4
110101000 000010011    2
110101000 000010101    1
110101000 001000110    0
110101000 001010001    2
110101000 001010010    2
110101000 001010100    0
110110000 000000111    3
110110000 000001011    2
110110000 000001101    1
110110000 000001110    0
110110000 001000011    2
110110000 001000110    0
110110000 001001010    0
111000001 000111000    1
111000100 000111000    0
111001000 000000111    4
111010000 000000111    3
111100000 000000111    3
